7.897222222222222143e+00 8.525000000000000355e+00 1.012820512820512775e+01 8.959166666666666501e+00 9.500641025641025195e+00 9.232738095238095966e+00 9.560897435897436125e+00 9.139880952380952550e+00 9.561904761904761685e+00 9.433333333333333570e+00 9.555128205128205821e+00 9.304166666666667140e+00 9.565384615384616041e+00 9.487820512820512420e+00 9.679166666666667140e+00 9.660897435897435770e+00 9.516666666666667496e+00 9.507051282051282470e+00
6.869444444444444464e+00 7.737499999999999822e+00 8.948076923076923705e+00 7.929166666666666252e+00 8.521153846153845635e+00 8.323214285714286120e+00 8.535256410256410575e+00 8.209523809523808779e+00 8.570238095238094544e+00 8.420833333333332504e+00 8.556410256410256210e+00 8.399305555555555358e+00 8.573076923076923705e+00 8.525641025641025550e+00 8.766666666666667496e+00 8.650641025641025550e+00 8.638461538461537970e+00 8.625641025641025195e+00
6.436111111111110894e+00 7.172916666666666607e+00 8.153846153846153300e+00 7.131666666666666821e+00 7.715384615384615508e+00 7.576190476190475920e+00 7.787820512820513130e+00 7.457142857142857295e+00 7.835119047619047983e+00 7.636111111111111072e+00 7.780128205128205465e+00 7.619444444444444464e+00 7.803846153846153655e+00 7.745512820512820085e+00 7.995238095238095255e+00 7.883974358974358942e+00 7.888461538461538858e+00 7.824358974358974095e+00
5.833333333333333037e+00 6.187500000000000000e+00 7.205769230769230482e+00 6.094999999999999751e+00 6.838461538461538147e+00 6.639880952380952550e+00 6.923717948717948545e+00 6.482142857142856762e+00 6.838690476190476097e+00 6.617361111111111249e+00 6.916666666666666963e+00 6.656250000000000000e+00 6.912820512820513130e+00 6.880128205128205110e+00 7.054166666666666252e+00 7.030128205128205465e+00 7.034615384615384492e+00 6.879487179487179915e+00
5.191666666666666430e+00 5.618750000000000355e+00 6.586538461538461675e+00 5.505833333333333357e+00 6.217307692307691980e+00 6.029761904761905100e+00 6.276923076923076827e+00 5.892857142857143238e+00 6.205952380952380665e+00 5.914583333333333748e+00 6.185256410256410042e+00 6.059027777777777679e+00 6.261538461538461497e+00 6.210897435897435592e+00 6.354761904761904390e+00 6.335897435897435592e+00 6.318589743589743790e+00 6.221794871794871895e+00
5.769999999999999574e+00 5.897790055248618657e+00 6.198335644937587041e+00 5.235833333333332895e+00 5.939667128987517586e+00 5.847631241997438778e+00 6.067961165048544103e+00 5.763764404609474923e+00 5.943661971830985991e+00 5.562783661119516054e+00 5.919556171983356485e+00 5.923299565846599002e+00 5.997226074895977810e+00 5.993758668515949850e+00 6.167093469910371439e+00 6.056171983356449573e+00 6.090152565880721625e+00 6.000000000000000000e+00
5.791666666666666963e+00 5.825000000000000178e+00 5.601515151515151558e+00 4.566666666666666430e+00 5.411363636363636154e+00 5.123611111111110894e+00 5.503787878787878896e+00 5.069444444444444642e+00 5.311111111111110894e+00 4.884166666666666323e+00 5.387878787878787712e+00 5.433333333333333570e+00 5.413636363636364024e+00 5.414393939393939092e+00 5.473611111111111427e+00 5.481818181818181479e+00 5.514393939393939625e+00 5.395454545454545503e+00
5.370833333333333570e+00 5.508333333333333748e+00 5.924242424242423866e+00 4.846666666666666679e+00 6.047727272727272840e+00 5.312500000000000000e+00 6.042424242424242031e+00 5.358333333333333393e+00 5.354166666666666963e+00 5.043333333333333002e+00 5.681818181818181657e+00 5.584090909090908994e+00 5.660606060606060197e+00 5.710606060606060908e+00 5.544444444444444287e+00 6.331818181818182012e+00 6.202272727272727160e+00 6.038636363636364024e+00
8.395833333333333925e+00 8.691666666666666430e+00 1.085227272727272663e+01 1.122416666666666707e+01 1.084393939393939377e+01 1.112152777777777857e+01 1.098257575757575744e+01 1.096944444444444500e+01 1.097986111111111107e+01 1.388666666666666671e+01 1.023787878787878824e+01 1.177727272727272734e+01 9.975757575757576490e+00 9.984848484848484418e+00 1.152638888888888857e+01 1.219090909090909136e+01 1.141969696969696990e+01 1.486439393939394016e+01
1.718333333333333357e+01 1.733749999999999858e+01 1.440227272727272734e+01 1.941916666666666558e+01 1.436515151515151523e+01 1.861527777777777715e+01 1.448560606060606126e+01 1.855486111111111214e+01 1.946527777777777857e+01 2.314166666666666572e+01 1.502798789712556804e+01 1.971742424242424363e+01 1.512934947049924439e+01 1.507348484848484915e+01 2.144861111111111285e+01 1.565000000000000036e+01 1.564296520423600612e+01 2.358560606060606091e+01
2.694687499999999858e+01 2.574660633484162986e+01 1.912371794871794961e+01 2.547004991680532271e+01 1.912564102564102697e+01 2.446882494004796271e+01 1.923461538461538467e+01 2.451309523809523938e+01 2.707440476190476275e+01 2.902194357366771271e+01 2.067371794871795032e+01 2.685256410256410220e+01 2.073525641025641164e+01 2.075833333333333286e+01 3.123452380952381091e+01 2.104038461538461391e+01 2.133141025641025479e+01 3.133717948717948687e+01
3.372500000000000142e+01 2.998333333333333428e+01 2.331153846153846132e+01 3.058333333333333215e+01 2.356089743589743435e+01 2.945178571428571601e+01 2.348717948717948545e+01 2.990119047619047521e+01 3.247976190476190794e+01 3.294861111111111285e+01 2.523461538461538467e+01 3.280897435897436054e+01 2.524807692307692264e+01 2.539038461538461533e+01 3.876309523809523938e+01 2.598974358974358978e+01 2.619807692307692193e+01 3.827115384615384386e+01
3.640416666666666856e+01 3.356666666666666998e+01 2.641407307171853702e+01 3.378513731825525213e+01 2.673477672530446725e+01 3.270650813516895994e+01 2.664005412719891908e+01 3.334042553191489588e+01 3.504443053817271903e+01 3.564580265095729317e+01 2.849526387009472117e+01 3.687212449255751068e+01 2.867050067658998813e+01 2.874289580514208353e+01 4.394117647058823195e+01 2.999526387009472117e+01 2.985385656292286782e+01 4.193504736129905552e+01
3.756250000000000000e+01 3.582222222222222285e+01 2.900486111111111143e+01 3.622999999999999687e+01 2.936388888888888715e+01 3.502051282051282044e+01 2.922430555555555642e+01 3.558846153846153726e+01 3.709807692307692406e+01 3.776439393939394051e+01 3.126388888888888928e+01 3.973263888888888573e+01 3.142222222222222072e+01 3.157569444444444429e+01 4.625064102564102342e+01 3.291527777777777430e+01 3.266180555555555287e+01 4.222569444444444287e+01
3.845416666666666572e+01 3.743055555555555713e+01 3.038680555555555429e+01 3.707999999999999829e+01 3.056597222222222143e+01 3.612435897435897658e+01 3.047361111111111143e+01 3.629871794871795032e+01 3.780833333333333002e+01 3.779772727272727195e+01 3.239583333333333570e+01 4.105208333333333570e+01 3.257222222222222285e+01 3.272430555555555287e+01 4.656153846153846132e+01 3.409513888888888999e+01 3.357916666666666572e+01 4.099930555555555856e+01
3.807916666666666572e+01 3.720555555555555571e+01 3.041736111111111285e+01 3.586999999999999744e+01 3.060972222222222072e+01 3.554999999999999716e+01 3.059305555555555500e+01 3.495256410256410362e+01 3.628461538461538538e+01 3.692348484848484702e+01 3.222638888888889142e+01 3.992916666666666714e+01 3.240416666666666856e+01 3.252499999999999858e+01 4.394038461538461604e+01 3.379861111111111427e+01 3.332569444444444429e+01 3.998958333333333570e+01
3.601250000000000284e+01 3.579444444444444429e+01 2.953055555555555500e+01 3.399000000000000199e+01 2.974652777777777857e+01 3.422500000000000142e+01 2.974305555555555713e+01 3.332884615384615046e+01 3.434743589743590064e+01 3.622500000000000142e+01 3.109722222222222143e+01 3.755138888888888715e+01 3.127083333333333215e+01 3.143541666666666501e+01 4.079166666666666430e+01 3.266944444444444429e+01 3.221666666666666856e+01 3.881180555555555856e+01
3.307916666666666572e+01 3.388055555555555287e+01 2.819861111111111285e+01 3.159083333333333243e+01 2.829027777777777786e+01 3.200064102564102342e+01 2.826527777777777928e+01 3.173461538461538467e+01 3.214230769230768914e+01 3.416363636363636402e+01 2.929722222222222072e+01 3.435625000000000284e+01 2.941805555555555429e+01 2.955555555555555713e+01 3.589294871794871966e+01 3.046666666666666501e+01 3.010347222222222285e+01 3.563194444444444287e+01
2.826249999999999929e+01 3.007222222222222285e+01 2.699166666666666714e+01 2.850416666666666643e+01 2.705277777777777715e+01 2.864358974358974308e+01 2.662291666666666501e+01 2.886794871794871753e+01 2.898589743589743506e+01 3.018030303030302974e+01 2.705694444444444358e+01 2.976736111111111072e+01 2.719930555555555429e+01 2.742222222222222072e+01 3.062564102564102697e+01 2.796527777777777857e+01 2.817430555555555571e+01 3.034236111111111001e+01
2.118333333333333357e+01 2.225555555555555642e+01 2.310902777777777928e+01 2.240333333333333243e+01 2.318611111111111001e+01 2.250576923076923208e+01 2.295972222222222214e+01 2.252564102564102555e+01 2.264423076923077005e+01 2.275227272727272876e+01 2.273541666666666572e+01 2.261874999999999858e+01 2.294166666666666643e+01 2.304027777777777786e+01 2.299743589743589567e+01 2.304444444444444429e+01 2.277152777777777715e+01 2.235902777777777928e+01
1.677222222222222214e+01 1.815208333333333357e+01 1.929551282051281902e+01 1.851833333333333442e+01 1.886730769230769056e+01 1.859404761904761827e+01 1.904358974358974521e+01 1.854166666666666785e+01 1.885714285714285765e+01 1.893333333333333357e+01 1.877499999999999858e+01 1.869930555555555429e+01 1.884102564102564159e+01 1.870769230769230873e+01 1.860773809523809419e+01 1.855384615384615543e+01 1.813269230769230944e+01 1.832307692307692193e+01
1.378055555555555500e+01 1.526249999999999929e+01 1.678525641025640880e+01 1.586250000000000071e+01 1.614679487179487083e+01 1.583035714285714235e+01 1.625705128205128247e+01 1.576666666666666750e+01 1.620178571428571601e+01 1.613680555555555429e+01 1.609935897435897445e+01 1.607291666666666785e+01 1.612948717948717814e+01 1.600128205128205039e+01 1.582202380952380949e+01 1.587371794871794783e+01 1.542948717948717885e+01 1.565705128205128283e+01
1.090277777777777857e+01 1.248541666666666750e+01 1.437756410256410255e+01 1.331250000000000000e+01 1.368910256410256387e+01 1.331488095238095326e+01 1.381794871794871860e+01 1.321071428571428541e+01 1.366904761904761934e+01 1.370763888888888893e+01 1.369358974358974379e+01 1.365138888888888857e+01 1.370705128205128176e+01 1.359102564102564159e+01 1.346547619047619015e+01 1.363076923076923030e+01 1.326602564102564052e+01 1.348333333333333250e+01
9.227777777777777857e+00 1.067916666666666714e+01 1.205897435897435876e+01 1.069416666666666593e+01 1.129102564102564088e+01 1.092797619047619051e+01 1.134679487179487190e+01 1.079642857142857082e+01 1.133095238095238066e+01 1.126527777777777750e+01 1.132820512820512882e+01 1.117013888888888928e+01 1.133525641025640951e+01 1.119807692307692371e+01 1.128095238095238173e+01 1.142179487179487118e+01 1.115000000000000036e+01 1.118846153846153868e+01
