1.430555555555555580e+00 1.875416666666666732e+00 2.576153846153845794e+00 2.319166666666667265e+00 2.753076923076922977e+00 2.822738095238095823e+00 3.067435897435897729e+00 2.957142857142857295e+00 2.336904761904762040e+00 2.468055555555555447e+00 2.638717948717948403e+00 2.562638888888888911e+00 2.877051282051282133e+00 3.081794871794872215e+00 2.577857142857142403e+00 2.493205128205128407e+00 2.956153846153846576e+00 3.099615384615384439e+00
9.522222222222223031e-01 1.954999999999999849e+00 2.187948717948717814e+00 1.997833333333333128e+00 2.480384615384615632e+00 2.621071428571427830e+00 2.767948717948717885e+00 2.670119047619047947e+00 2.079285714285714182e+00 2.151805555555555305e+00 2.352435897435897427e+00 2.355833333333333446e+00 2.567948717948718151e+00 2.818333333333333357e+00 2.361190476190476062e+00 2.147307692307692584e+00 2.722564102564102306e+00 2.824871794871794961e+00
1.233333333333333393e+00 1.926250000000000018e+00 1.930128205128205154e+00 1.742333333333333512e+00 2.153717948717948527e+00 2.348690476190476328e+00 2.484102564102564248e+00 2.408690476190475938e+00 1.890476190476190421e+00 1.885416666666666297e+00 2.125512820512820422e+00 2.130416666666666625e+00 2.292692307692307807e+00 2.511153846153845848e+00 2.094642857142857029e+00 1.852307692307691989e+00 2.425256410256409811e+00 2.495512820512820529e+00
7.861111111111110938e-01 1.308333333333333348e+00 1.382179487179487465e+00 1.160666666666666735e+00 1.675128205128205261e+00 1.844047619047618713e+00 2.033205128205128442e+00 1.836071428571428354e+00 1.384285714285714342e+00 1.329027777777777697e+00 1.702820512820512944e+00 1.664583333333333304e+00 1.811923076923076970e+00 2.087435897435897747e+00 1.657976190476190492e+00 1.368076923076922968e+00 1.956153846153846132e+00 2.022820512820512562e+00
3.599999999999999867e-01 9.666666666666667851e-01 1.184102564102563759e+00 1.000333333333333519e+00 1.478846153846153921e+00 1.609642857142856931e+00 1.800384615384615028e+00 1.623452380952381091e+00 1.124642857142857277e+00 1.081388888888888733e+00 1.424230769230769411e+00 1.515972222222222276e+00 1.602948717948717627e+00 1.860769230769230509e+00 1.421071428571428541e+00 1.174871794871795050e+00 1.722179487179487101e+00 1.886025641025641297e+00
3.513333333333331088e-01 6.712707182320440946e-01 1.230374479889042805e+00 1.089333333333333043e+00 1.468515950069348319e+00 1.506786171574903577e+00 1.866019417475728304e+00 1.546094750320102351e+00 9.879641485275290069e-01 1.031618759455370293e+00 1.416643550624133274e+00 1.558755426917511011e+00 1.549098474341192855e+00 1.833564493758668590e+00 1.298591549295774250e+00 1.118307905686546366e+00 1.720665742024965139e+00 1.825797503467406546e+00
1.058333333333334736e-01 -2.049999999999997102e-01 8.463636363636365401e-01 7.363333333333332842e-01 1.082121212121212261e+00 1.011666666666666714e+00 1.454999999999999849e+00 1.076666666666666661e+00 5.697222222222222410e-01 5.753333333333333632e-01 1.061212121212121273e+00 1.233787878787878656e+00 1.097878787878787676e+00 1.422878787878788076e+00 7.697222222222219745e-01 7.081818181818183566e-01 1.245606060606060606e+00 1.395909090909090988e+00
-1.983333333333336668e-01 -5.841666666666668339e-01 1.175454545454545530e+00 9.723333333333332718e-01 1.401515151515151159e+00 1.122083333333333544e+00 1.756363636363636349e+00 1.241388888888888875e+00 6.112500000000000711e-01 7.381666666666664156e-01 1.356515151515151674e+00 1.393181818181818077e+00 1.348333333333333384e+00 1.680909090909091130e+00 9.116666666666666252e-01 1.233030303030302921e+00 1.711666666666666670e+00 1.746515151515151132e+00
1.403333333333333099e+00 9.841666666666664121e-01 3.981969696969697381e+00 4.209833333333333094e+00 3.906060606060606233e+00 3.951249999999999485e+00 4.232575757575757436e+00 3.880277777777778159e+00 3.582499999999999574e+00 4.576833333333333975e+00 4.052424242424242706e+00 4.360757575757575388e+00 3.961363636363636420e+00 4.120454545454545148e+00 3.740555555555555411e+00 4.079848484848484169e+00 4.191969696969696457e+00 4.922575757575756938e+00
4.568333333333333357e+00 4.447500000000000675e+00 5.033030303030303187e+00 5.633000000000000007e+00 4.895151515151515476e+00 5.428472222222222143e+00 5.152272727272727337e+00 5.462361111111111001e+00 5.587500000000000355e+00 6.169166666666665577e+00 5.309228441754916261e+00 5.925303030303029850e+00 5.362934947049923906e+00 5.352424242424243417e+00 5.706944444444444819e+00 5.088636363636362958e+00 5.287594553706505884e+00 6.393333333333333535e+00
1.658749999999999947e+00 2.923529411764706154e+00 4.573974358974358445e+00 5.091680532445922225e+00 4.437051282051281298e+00 4.448561151079137410e+00 4.790000000000000036e+00 4.699404761904761862e+00 5.230952380952381020e+00 6.068652037617555450e+00 5.144615384615384812e+00 5.660512820512821008e+00 5.411794871794871398e+00 5.191538461538461213e+00 5.765357142857142847e+00 5.204999999999999183e+00 5.415512820512820902e+00 6.687692307692308269e+00
-8.233333333333329174e-01 5.661111111111106764e-01 3.678846153846153655e+00 4.412424242424243026e+00 3.406538461538461515e+00 3.346666666666666234e+00 3.781666666666667176e+00 3.868809523809523920e+00 4.454166666666666607e+00 5.330416666666666359e+00 4.123717948717948723e+00 5.048846153846154650e+00 4.635256410256410220e+00 4.121794871794871362e+00 4.964285714285714413e+00 4.512820512820512775e+00 4.581153846153846132e+00 6.373333333333333073e+00
-8.949999999999996847e-01 -4.444444444444444198e-01 1.871718538565629641e+00 2.311954765751211394e+00 1.534506089309878307e+00 1.212640801001251267e+00 2.056968876860622242e+00 2.162327909887359123e+00 2.459824780976220371e+00 3.298085419734904544e+00 2.395534506089310067e+00 3.404330175913396594e+00 3.199999999999999734e+00 2.342895805142084065e+00 3.018147684605757330e+00 3.252232746955345366e+00 3.419350473612990715e+00 4.810825439783491753e+00
-8.133333333333335746e-01 -4.277777777777777568e-01 7.220833333333331883e-01 1.000333333333333297e+00 3.290277777777776413e-01 -2.564102564102549442e-02 9.244444444444442910e-01 1.146794871794871717e+00 1.380641025641025532e+00 2.089090909090908887e+00 1.172638888888889230e+00 2.168611111111111267e+00 2.206666666666666998e+00 1.071805555555555678e+00 1.374743589743589789e+00 2.259027777777777413e+00 2.313750000000000195e+00 2.874166666666666980e+00
5.374999999999999778e-01 7.994444444444446241e-01 8.208333333333320270e-02 1.453333333333333977e-01 -4.116666666666671248e-01 -3.967948717948717730e-01 2.568055555555553426e-01 6.852564102564102644e-01 9.074358974358976981e-01 1.071212121212121282e+00 3.133333333333331860e-01 1.442500000000000115e+00 1.538194444444444420e+00 2.794444444444444953e-01 5.319230769230767208e-01 1.491944444444444517e+00 1.429583333333333650e+00 1.564166666666666705e+00
-9.433333333333334680e-01 5.394444444444441711e-01 9.912500000000000755e-01 8.676666666666664751e-01 4.620833333333334014e-01 1.726923076923077560e-01 1.136527777777777803e+00 9.852564102564103088e-01 1.107820512820512748e+00 1.780454545454545956e+00 1.000000000000000000e+00 1.973055555555555340e+00 2.146388888888889124e+00 8.800000000000000044e-01 4.517948717948717108e-01 1.921111111111110770e+00 1.943888888888889444e+00 2.045972222222222303e+00
-1.201666666666667105e+00 7.511111111111108407e-01 1.800972222222221975e+00 1.230333333333333501e+00 1.288333333333333330e+00 6.673076923076922684e-01 1.864027777777777617e+00 1.341025641025640924e+00 1.383333333333333304e+00 2.427121212121212235e+00 1.631944444444444420e+00 2.303055555555555411e+00 2.632083333333333552e+00 1.555555555555555802e+00 5.308974358974360985e-01 2.466805555555555252e+00 2.507777777777777661e+00 2.699305555555555625e+00
-1.229166666666666741e+00 7.872222222222222676e-01 2.174305555555555713e+00 1.389999999999999902e+00 1.575277777777778221e+00 8.503846153846152944e-01 2.096527777777777324e+00 1.569358974358974423e+00 1.538076923076922897e+00 2.423787878787878824e+00 1.747499999999999831e+00 2.109166666666666412e+00 2.636666666666666714e+00 1.667083333333333695e+00 3.161538461538461742e-01 2.374583333333333268e+00 2.419027777777777999e+00 2.437916666666666732e+00
6.366666666666667140e-01 1.856111111111110823e+00 2.646111111111110858e+00 1.550166666666666915e+00 2.109444444444444233e+00 1.306153846153846443e+00 2.508333333333333304e+00 1.994487179487179240e+00 1.864615384615385008e+00 2.141363636363636580e+00 2.008194444444444393e+00 1.899999999999999911e+00 2.781527777777777377e+00 2.048472222222221806e+00 5.806410256410255988e-01 2.499722222222222623e+00 2.705138888888888538e+00 2.056388888888888822e+00
8.941666666666666652e-01 1.823333333333333695e+00 3.140555555555555323e+00 1.926333333333333675e+00 2.591249999999999609e+00 1.807435897435897054e+00 2.990972222222222143e+00 2.207051282051282204e+00 2.043205128205128229e+00 2.101212121212121531e+00 2.427916666666666501e+00 2.066388888888888609e+00 2.994444444444444464e+00 2.448333333333332806e+00 1.034102564102564292e+00 2.582916666666667194e+00 2.534166666666666679e+00 2.099722222222222268e+00
1.889444444444444482e+00 2.716666666666666785e+00 4.011282051282050176e+00 3.177333333333332899e+00 3.499487179487179578e+00 2.981904761904761614e+00 3.771538461538461284e+00 3.144285714285714128e+00 3.210476190476190705e+00 3.332499999999999574e+00 3.402307692307692033e+00 3.209166666666666501e+00 3.681153846153846221e+00 3.325769230769231033e+00 2.216547619047618767e+00 3.142179487179487474e+00 3.069487179487179862e+00 2.959615384615385203e+00
2.375000000000000000e+00 2.794583333333333641e+00 4.295256410256409474e+00 3.620833333333333126e+00 3.852307692307691322e+00 3.490595238095238084e+00 4.090641025641025053e+00 3.628571428571428559e+00 3.520000000000000018e+00 3.594305555555555642e+00 3.743846153846154046e+00 3.723611111111110983e+00 3.954230769230769660e+00 3.802820512820513255e+00 2.869642857142856940e+00 3.556538461538461871e+00 3.488333333333334174e+00 3.596538461538461906e+00
2.179999999999999716e+00 2.794583333333333641e+00 4.028076923076922888e+00 3.380500000000000504e+00 3.741153846153846718e+00 3.542261904761904834e+00 3.990512820512820191e+00 3.623690476190475795e+00 3.386904761904761862e+00 3.525694444444444464e+00 3.628461538461538183e+00 3.612916666666666998e+00 3.805897435897435788e+00 3.796410256410255979e+00 3.031785714285713862e+00 3.512051282051282364e+00 3.567564102564102502e+00 3.830641025641025710e+00
1.904999999999999805e+00 2.729999999999999982e+00 3.401794871794872055e+00 2.718499999999999694e+00 3.217179487179487207e+00 3.179761904761904123e+00 3.499358974358974361e+00 3.270595238095237889e+00 2.857023809523809632e+00 2.977500000000000036e+00 3.107692307692307754e+00 3.070138888888888751e+00 3.325897435897436250e+00 3.422948717948717690e+00 2.837857142857143078e+00 3.068076923076922924e+00 3.305128205128204932e+00 3.472179487179486657e+00
