6.408055555555554861e+01 6.335208333333333286e+01 5.973974358974358978e+01 6.356750000000000256e+01 6.306153846153846132e+01 6.461130952380952408e+01 6.420064102564101916e+01 6.561309523809524080e+01 6.110357142857142776e+01 6.210694444444444429e+01 6.232628205128204968e+01 6.317430555555555571e+01 6.460320512820513272e+01 6.166369047619047450e+01 6.129551282051281902e+01 6.391153846153846274e+01 6.465769230769230091e+01
6.673055555555555429e+01 6.728333333333333144e+01 6.285384615384615614e+01 6.661416666666666231e+01 6.605448717948718240e+01 6.778095238095238528e+01 6.732500000000000284e+01 6.851845238095238244e+01 6.413214285714285268e+01 6.500138888888888289e+01 6.531153846153846132e+01 6.617847222222222570e+01 6.765641025641025408e+01 6.460952380952380736e+01 6.398269230769231086e+01 6.670705128205128176e+01 6.733269230769231228e+01
7.007222222222222285e+01 6.983333333333332860e+01 6.512435897435896948e+01 6.901333333333333542e+01 6.815961538461537828e+01 6.992440476190476772e+01 6.943012820512819872e+01 7.077559523809523512e+01 6.651309523809523228e+01 6.725069444444444855e+01 6.772820512820513272e+01 6.864444444444444571e+01 6.979871794871795032e+01 6.679999999999999716e+01 6.599294871794872108e+01 6.870192307692308020e+01 6.943012820512819872e+01
7.079444444444445139e+01 7.166875000000000284e+01 6.679935897435898084e+01 7.108416666666666117e+01 6.995256410256409652e+01 7.192976190476190368e+01 7.132179487179487865e+01 7.268630952380952692e+01 6.867619047619047024e+01 6.925486111111111143e+01 6.971474358974359120e+01 7.095416666666666572e+01 7.184358974358974592e+01 6.903154761904761472e+01 6.757051282051281760e+01 7.043012820512819872e+01 7.160833333333333428e+01
7.173611111111111427e+01 7.292916666666666003e+01 6.870448717948717388e+01 7.312999999999999545e+01 7.195320512820512704e+01 7.381964285714285268e+01 7.333974358974359120e+01 7.458511904761904532e+01 7.044345238095237960e+01 7.142777777777777715e+01 7.184358974358974592e+01 7.309930555555555998e+01 7.400320512820512420e+01 7.123511904761905100e+01 6.984871794871794748e+01 7.275576923076923208e+01 7.416987179487179560e+01
6.923999999999999488e+01 7.031767955801105074e+01 7.078571428571429180e+01 7.503083333333333371e+01 7.335020804438279640e+01 7.438924455825863902e+01 7.479958391123439299e+01 7.502880921895005883e+01 7.119590268886042850e+01 7.298714069591528641e+01 7.316435506241332121e+01 7.399059334298118529e+01 7.501595006934812204e+01 7.176120358514724273e+01 7.096532593619971863e+01 7.392024965325936137e+01 7.501733703190014069e+01
6.768750000000000000e+01 6.626250000000000284e+01 7.183106060606060339e+01 7.667499999999999716e+01 7.402727272727273089e+01 7.552013888888889426e+01 7.551060606060606517e+01 7.612986111111111143e+01 7.220694444444444571e+01 7.409333333333333371e+01 7.402575757575758075e+01 7.477272727272726627e+01 7.582272727272727764e+01 7.246041666666666003e+01 7.170151515151515298e+01 7.434848484848484418e+01 7.584015151515151842e+01
6.797499999999999432e+01 6.584166666666666856e+01 7.198181818181818414e+01 7.652249999999999375e+01 7.271515151515151842e+01 7.512013888888888857e+01 7.449621212121212466e+01 7.548749999999999716e+01 7.222013888888888289e+01 7.417583333333332973e+01 7.409924242424241925e+01 7.487575757575757507e+01 7.567272727272727195e+01 7.283402777777777715e+01 7.052954545454545610e+01 7.347727272727273373e+01 7.456666666666666288e+01
6.347083333333333144e+01 6.126666666666666572e+01 6.403787878787878185e+01 6.373416666666666686e+01 6.396666666666666856e+01 6.355555555555555713e+01 6.476742424242424079e+01 6.334166666666666856e+01 6.216180555555555287e+01 5.649583333333333002e+01 6.649924242424242493e+01 6.238257575757575779e+01 6.785984848484848442e+01 6.080972222222222001e+01 5.972878787878787676e+01 6.269696969696969546e+01 5.543409090909091219e+01
4.653333333333333144e+01 4.594583333333333286e+01 5.578939393939393909e+01 4.380583333333333229e+01 5.537878787878787534e+01 4.593541666666666856e+01 5.591969696969697168e+01 4.533958333333333002e+01 4.372708333333333286e+01 3.731250000000000000e+01 5.432602118003025993e+01 4.369242424242424505e+01 5.432575757575757791e+01 3.942291666666666572e+01 5.138409090909090793e+01 5.206051437216338940e+01 3.762348484848484986e+01
2.200937499999999858e+01 2.540045248868778316e+01 4.160256410256410220e+01 3.050249584026622429e+01 4.108141025641025834e+01 3.122841726618705138e+01 4.166089743589743932e+01 3.097619047619047450e+01 2.800238095238095326e+01 2.682993730407523358e+01 3.903717948717948616e+01 2.894999999999999929e+01 3.890448717948717672e+01 2.340416666666666501e+01 3.820961538461538254e+01 3.794679487179487154e+01 2.441666666666666785e+01
1.157083333333333286e+01 1.626111111111111285e+01 3.125448717948717814e+01 2.215227272727272734e+01 3.009615384615384670e+01 2.216250000000000142e+01 3.091282051282051313e+01 2.182976190476190581e+01 2.002083333333333215e+01 2.069166666666666643e+01 2.832243589743589851e+01 2.017820512820512846e+01 2.804935897435897374e+01 1.487500000000000000e+01 2.759615384615384670e+01 2.727948717948718027e+01 1.621153846153845990e+01
1.030000000000000071e+01 1.232499999999999929e+01 2.341813261163734694e+01 1.607431340872374648e+01 2.241813261163734694e+01 1.586107634543179046e+01 2.327401894451962150e+01 1.596495619524405463e+01 1.493241551939924960e+01 1.533873343151693724e+01 2.112584573748308614e+01 1.405683355886332819e+01 2.079025710419485762e+01 9.692740926157696890e+00 2.030649526387009374e+01 2.063667117726657807e+01 1.172395128552097354e+01
9.308333333333333570e+00 1.042777777777777715e+01 1.811041666666666572e+01 1.221499999999999986e+01 1.723402777777777928e+01 1.214358974358974308e+01 1.803194444444444500e+01 1.251923076923077005e+01 1.181730769230769162e+01 1.191969696969696990e+01 1.617430555555555571e+01 1.068125000000000036e+01 1.581041666666666679e+01 7.178846153846153655e+00 1.570625000000000071e+01 1.599027777777777715e+01 9.696527777777777857e+00
9.479166666666666075e+00 1.018888888888888822e+01 1.509652777777777821e+01 1.047416666666666707e+01 1.445625000000000071e+01 1.056602564102564124e+01 1.520277777777777750e+01 1.116282051282051313e+01 1.054935897435897374e+01 1.067424242424242387e+01 1.367708333333333393e+01 9.322222222222222854e+00 1.339305555555555571e+01 6.530769230769230660e+00 1.340555555555555500e+01 1.383333333333333393e+01 9.479166666666666075e+00
8.804166666666667140e+00 1.030833333333333357e+01 1.574375000000000036e+01 1.160916666666666686e+01 1.502569444444444358e+01 1.123141025641025692e+01 1.574305555555555536e+01 1.220256410256410184e+01 1.156153846153846132e+01 1.162424242424242493e+01 1.423680555555555571e+01 1.013611111111111107e+01 1.388888888888888928e+01 7.365384615384614975e+00 1.381805555555555642e+01 1.424861111111111178e+01 1.005416666666666714e+01
9.979166666666666075e+00 1.159166666666666679e+01 1.771388888888888857e+01 1.337333333333333307e+01 1.686874999999999858e+01 1.274679487179487225e+01 1.752569444444444358e+01 1.393333333333333357e+01 1.332564102564102626e+01 1.279545454545454497e+01 1.599861111111111178e+01 1.184722222222222143e+01 1.563819444444444429e+01 8.864102564102564585e+00 1.542152777777777750e+01 1.585347222222222285e+01 1.124236111111111036e+01
1.180000000000000071e+01 1.291666666666666607e+01 1.954027777777777786e+01 1.536166666666666636e+01 1.866597222222222285e+01 1.459294871794871717e+01 1.935277777777777786e+01 1.541923076923076863e+01 1.503974358974359049e+01 1.426893939393939448e+01 1.780902777777777857e+01 1.374166666666666714e+01 1.746041666666666714e+01 1.133525641025640951e+01 1.738194444444444287e+01 1.778194444444444500e+01 1.317083333333333250e+01
1.733749999999999858e+01 1.685833333333333428e+01 2.174097222222222214e+01 1.858500000000000085e+01 2.086597222222222214e+01 1.806474358974358907e+01 2.195347222222222072e+01 1.859166666666666501e+01 1.829423076923076863e+01 1.762500000000000000e+01 2.064583333333333215e+01 1.756111111111111001e+01 2.026111111111111285e+01 1.534679487179487190e+01 2.021736111111111001e+01 2.028750000000000142e+01 1.725069444444444500e+01
2.664166666666666572e+01 2.654166666666666785e+01 2.827708333333333357e+01 2.721583333333333243e+01 2.720694444444444571e+01 2.665769230769230802e+01 2.817708333333333215e+01 2.731089743589743435e+01 2.687179487179487225e+01 2.683636363636363598e+01 2.745833333333333215e+01 2.695763888888888715e+01 2.707430555555555429e+01 2.449038461538461675e+01 2.716111111111111143e+01 2.755694444444444358e+01 2.734375000000000000e+01
3.691944444444444429e+01 3.591250000000000142e+01 3.705769230769230660e+01 3.691416666666666657e+01 3.676089743589743364e+01 3.607202380952381304e+01 3.702884615384615330e+01 3.654583333333333428e+01 3.603035714285714164e+01 3.621388888888888857e+01 3.670064102564102626e+01 3.645138888888888573e+01 3.665192307692307594e+01 3.412916666666666998e+01 3.649230769230769056e+01 3.726730769230768914e+01 3.660320512820512562e+01
4.628888888888889142e+01 4.346875000000000000e+01 4.398205128205128034e+01 4.457583333333333542e+01 4.436666666666666714e+01 4.416726190476190794e+01 4.478397435897436196e+01 4.473333333333333428e+01 4.324226190476190368e+01 4.362708333333333144e+01 4.415128205128205252e+01 4.421041666666666714e+01 4.460384615384615614e+01 4.228869047619047450e+01 4.415833333333333144e+01 4.521217948717949042e+01 4.494423076923077076e+01
5.508888888888888857e+01 5.188333333333333286e+01 5.014551282051282044e+01 5.142750000000000199e+01 5.137243589743589922e+01 5.192321428571428754e+01 5.184743589743590064e+01 5.257202380952381304e+01 5.019166666666666998e+01 5.055347222222222570e+01 5.096410256410256068e+01 5.108472222222222570e+01 5.191858974358974166e+01 4.961309523809524080e+01 5.073782051282051242e+01 5.214871794871795174e+01 5.241025641025640880e+01
6.053333333333333144e+01 5.817291666666666572e+01 5.576217948717948758e+01 5.829249999999999687e+01 5.790448717948717672e+01 5.920416666666666572e+01 5.884038461538461462e+01 6.007738095238094900e+01 5.636904761904762040e+01 5.706388888888888999e+01 5.732307692307692548e+01 5.787152777777777857e+01 5.910833333333333428e+01 5.645773809523809206e+01 5.682500000000000284e+01 5.879294871794871824e+01 5.940897435897436196e+01
